00
0000 0000 0000 0000 0000 0000 0000 0000 0000 0000 0000 0000
00 00 0 0 0 0     1
0000 00 -1
-1

ed67
3624 b16a a4db b9de 0000 0000 0000 0000 0000 0000 0000 0000
00 00 0 0 0 0     1
0000 ed 67 -1
b9de 93 -1
-1

ed6f
658b 7a7a ecf0 403c 0000 0000 0000 0000 0000 0000 0000 0000
00 00 0 0 0 0     1
0000 ed 6f -1
403c c4 -1
-1

81
f500 0f3b 200d dca6 0000 0000 0000 0000 0000 0000 0000 0000
00 00 0 0 0 0     1
0000 81 -1
dca6 49 -1
-1

cb41
9e00 1b43 954e 7be9 0000 0000 0000 0000 0000 0000 0000 0000
00 00 0 0 0 0     1
0000 cb 41 -1
7be9 f7 -1
-1

cb93
c200 4e05 b3f8 2234 0000 0000 0000 0000 0000 0000 0000 0000
00 00 0 0 0 0     1
0000 cb 93 -1
2234 a0 -1
-1

cbe5
ca00 df0d d588 b48f 0000 0000 0000 0000 0000 0000 0000 0000
00 00 0 0 0 0     1
0000 cb e5 -1
b48f cf -1
-1

